dim 120 120 120
cutbox 0 119 0 119 0 119 

putbox 0 110 0 0 0 0 0.8888 0.0001 0.0001 1

putbox 0 0 0 110 0 0 0.0001 0.8888 0.0001 1

putbox 0 0 0 0 0 110 0.0001 0.0001 0.8888 1

putellipsoid 15 50 15 3 40 3 0.0001 0.3 0.8 0.3
putellipsoid 15 75 15 3 40 3 0.0001 0.3 0.8 0.3
putellipsoid 15 30 15 3 29 3 0.0001 0.3 0.8 0.3
putbox 13 17 15 20 13 17 0.0001 0.3 0.8 0.3 
cutbox 11 19 88 115 11 19 0.0001 0.3 0.8 0.3 

putsphere 15 88 15 3 0.0001 0.3 0.8 0.3
putbox 15 15 90 90 13 17 0.0001 0.3 0.8 0.3
putbox 13 17 90 90 15 15 0.0001 0.3 0.8 0.3
putbox 14 16 90 90 14 16 0.0001 0.3 0.8 0.3
putbox 14 16 91 91 14 16 0.0001 0.3 0.8 0.3
putbox 15 15 92 92 14 16 0.0001 0.3 0.8 0.3
putbox 14 16 92 92 15 15 0.0001 0.3 0.8 0.3
putvoxel 15 93 15 0.0001 0.3 0.8 0.3

cutbox 12 12 0 90 13 17
cutbox 18 18 0 90 13 17
cutbox 13 17 0 90 12 12
cutbox 13 17 0 90 18 18
cutbox 13 13 17 90 13 13
cutbox  17 17 17 90 13 13
cutbox 13 13 17 90 17 17
cutbox 17 17 17 90 17 17

putbox 14 16 0 88 14 16 0.9999 0.9999 0.9999 1
putbox 15 15 89 89 14 16 0.9999 0.9999 0.9999 1
putbox 14 16 89 89 15 15 0.9999 0.9999 0.9999 1
putvoxel 15 90 15 0.9999 0.9999 0.9999 1

putbox 13 17 0 6 13 17 0 0 0 1
putbox 12 18 0 6 15 15 0 0 0 1
putbox 15 15 0 6 12 18 0 0 0 1


putbox 13 17 0 6 14 16 0.5 0.5 0.5 1
putbox 14 16 0 6 13 17 0.5 0.5 0.5 1
putbox 13 17 7 18 13 17 0.5 0.5 0.5 1
putvoxel 14 19 13 0.5 0.5 0.5 1
putvoxel 14 19 17 0.5 0.5 0.5 1
putbox 13 13 19 21 13 17 0.5 0.5 0.5 1
putbox 13 13 22 22 14 16 0.5 0.5 0.5 1
putbox 12 12 19 20 15 15 0.5 0.5 0.5 1
putbox 12 12 17 17 15 15 0.5 0.5 0.5 1

putvoxel 18 13 15 0.8888 0.0001 0.0001 1

cutbox 15 15 7 11 18 18
putvoxel 15 8 18 0.6 0.5 0.1 1
putvoxel 15 9 18 0.6 0.5 0.1 1
putvoxel 15 10 18 0.6 0.5 0.1 1
